#	Image1		Image2		Image3		Image4		Image5		Image6	
1	(130,196)	(86,119)	(15,129)	(27,18)		(48,53)		(130,29)	
2	(150,230)	(64,113)	(38,129)	(63,31)		(72,55)		(145,29)	
3	(195,159)	(110,47)	(76,72)		(74,40)		(135,76)	(46,32)	
4	(172,125)	(134,50)	(54,70)		(35,26)		(113,75)	(37,32)	
5	(111,196)	(100,131)	(27,142)	(21,36)		(43,72)		(131,53)	
6	(130,231)	(78,126)	(49,141)	(58,49)		(67,74)		(145,54)	
7	(174,158)	(123,60)	(89,84)		(67,60)		(130,96)	(48,58)	
8	(152,123)	(147,63)	(67,83)		(27,46)		(108,95)	(38,57)	

X_,Y_   (151.75,177.25)	(105.25,88.625)	(51.875,106.25)	(46.5,38.25)	(89.5,74.5)	(90,43)
